Num       RefCount Protocol Flags    Type St Inode Path
0000000000000000: 00000003 00000000 00000000 0001 03 28877
0000000000000000: 00000003 00000000 00000000 0001 03 20068
0000000000000000: 00000003 00000000 00000000 0001 03 21796 /run/dbus/system_bus_socket
0000000000000000: 00000003 00000000 00000000 0005 03 36773
0000000000000000: 00000003 00000000 00000000 0001 03 31002 /home/micron5/.cache/ibus/dbus-ejciAA57
0000000000000000: 00000003 00000000 00000000 0001 03 31874 /run/user/1000/pipewire-0
0000000000000000: 00000003 00000000 00000000 0001 03 30798
0000000000000000: 00000003 00000000 00000000 0001 03 27218
0000000000000000: 00000003 00000000 00000000 0001 03 24272 /run/dbus/system_bus_socket
0000000000000000: 00000003 00000000 00000000 0002 03  2774
0000000000000000: 00000003 00000000 00000000 0001 03 30852
0000000000000000: 00000003 00000000 00000000 0001 03 30073 /run/user/1000/bus
0000000000000000: 00000003 00000000 00000000 0001 03 28441 /run/dbus/system_bus_socket
0000000000000000: 00000003 00000000 00000000 0001 03 30842 /run/user/1000/bus
0000000000000000: 00000003 00000000 00000000 0001 03 28088 /run/systemd/journal/stdout
0000000000000000: 00000003 00000000 00000000 0001 03 27073
0000000000000000: 00000003 00000000 00000000 0002 03 26855
0000000000000000: 00000003 00000000 00000000 0001 03 35309
0000000000000000: 00000003 00000000 00000000 0001 03 25513 /run/user/1000/bus
0000000000000000: 00000003 00000000 00000000 0002 03 23253
0000000000000000: 00000003 00000000 00000000 0001 03 30935 /run/user/1000/bus
0000000000000000: 00000003 00000000 00000000 0001 03 24114
0000000000000000: 00000003 00000000 00000000 0005 03 155866
0000000000000000: 00000003 00000000 00000000 0001 03 26539 /run/user/1000/bus
0000000000000000: 00000003 00000000 00000000 0001 03 24563
0000000000000000: 00000002 00000000 00010000 0001 01  9387 /run/systemd/private
0000000000000000: 00000003 00000000 00000000 0005 03 152070
0000000000000000: 00000003 00000000 00000000 0005 03 36695
0000000000000000: 00000002 00000000 00010000 0001 01  9388 /run/systemd/userdb/io.systemd.DynamicUser
0000000000000000: 00000003 00000000 00000000 0001 03 146035 /run/dbus/system_bus_socket
0000000000000000: 00000002 00000000 00010000 0001 01  9389 /run/systemd/io.systemd.ManagedOOM
0000000000000000: 00000003 00000000 00000000 0001 03 24496
0000000000000000: 00000002 00000000 00010000 0001 01  9390 /run/systemd/io.systemd.Manager
0000000000000000: 00000002 00000000 00000000 0005 03 144551
0000000000000000: 00000003 00000000 00000000 0001 03 120745 /run/user/1000/wayland-0
0000000000000000: 00000002 00000000 00000000 0002 01  9411 /run/systemd/journal/syslog
0000000000000000: 00000003 00000000 00000000 0001 03 16929 /run/dbus/system_bus_socket
0000000000000000: 00000002 00000000 00010000 0001 01  9412 /run/systemd/io.systemd.AskPassword
0000000000000000: 00000003 00000000 00000000 0005 03 34684
0000000000000000: 00000003 00000000 00000000 0001 03 27279 /run/dbus/system_bus_socket
0000000000000000: 00000003 00000000 00000000 0001 03 20049 /run/dbus/system_bus_socket
0000000000000000: 00000002 00000000 00010000 0001 01  9413 /run/systemd/io.systemd.Credentials
0000000000000000: 00000003 00000000 00000000 0001 03 90943 /run/systemd/journal/stdout
0000000000000000: 00000003 00000000 00000000 0001 03 30046 /run/user/1000/bus
0000000000000000: 00000003 00000000 00000000 0001 03 28809 /run/user/1000/pipewire-0
0000000000000000: 00000003 00000000 00000000 0001 03 20719 /run/systemd/journal/stdout
0000000000000000: 00000003 00000000 00000000 0001 03 21619
0000000000000000: 00000003 00000000 00000000 0001 03 18011
0000000000000000: 00000002 00000000 00010000 0001 01  9414 /run/systemd/io.systemd.FactoryReset
0000000000000000: 00000003 00000000 00000000 0001 03 31778 /run/dbus/system_bus_socket
0000000000000000: 00000003 00000000 00000000 0001 03 28842 /run/user/1000/bus
0000000000000000: 00000002 00000000 00010000 0001 01  9415 /run/systemd/io.systemd.MuteConsole
0000000000000000: 00000003 00000000 00000000 0001 03 33925
0000000000000000: 00000003 00000000 00000000 0001 03 30274
0000000000000000: 00000003 00000000 00000000 0001 03 25539
0000000000000000: 00000002 00000000 00000000 0002 01 25384
0000000000000000: 00000003 00000000 00000000 0005 03 156779
0000000000000000: 00000003 00000000 00000000 0001 03 28229 /run/user/1000/bus
0000000000000000: 00000003 00000000 00000000 0001 03 21298
0000000000000000: 00000002 00000000 00010000 0001 01  9416 /run/systemd/oom/io.systemd.ManagedOOM
0000000000000000: 00000003 00000000 00000000 0005 03 152069
0000000000000000: 00000003 00000000 00000000 0001 03 31988
0000000000000000: 00000003 00000000 00000000 0001 03 155026
0000000000000000: 00000003 00000000 00000000 0001 03 27229
0000000000000000: 00000002 00000000 00010000 0001 01  9417 /run/systemd/resolve/io.systemd.Resolve.Monitor
0000000000000000: 00000003 00000000 00000000 0001 03 30897 /run/user/1000/bus
0000000000000000: 00000003 00000000 00000000 0001 03 24399
0000000000000000: 00000002 00000000 00010000 0001 01  9418 /run/systemd/resolve/io.systemd.Resolve
0000000000000000: 00000003 00000000 00000000 0005 03 153964
0000000000000000: 00000003 00000000 00000000 0005 03 35304
0000000000000000: 00000003 00000000 00000000 0001 03 29029 /run/dbus/system_bus_socket
0000000000000000: 00000003 00000000 00000000 0001 03 26333 /run/systemd/journal/stdout
0000000000000000: 00000003 00000000 00000000 0001 03 24146 /run/systemd/journal/stdout
0000000000000000: 00000002 00000000 00010000 0005 01  9419 /run/udev/control
0000000000000000: 00000003 00000000 00000000 0001 03 33105 /run/user/1000/at-spi/bus
0000000000000000: 00000003 00000000 00000000 0001 03 33804 /run/user/1000/bus
0000000000000000: 00000003 00000000 00000000 0001 03 30827 /run/systemd/journal/stdout
0000000000000000: 00000003 00000000 00000000 0001 03 24467 /run/systemd/journal/stdout
0000000000000000: 00000003 00000000 00000000 0001 03 28976 /run/systemd/journal/stdout
0000000000000000: 00000003 00000000 00000000 0001 03 28010
0000000000000000: 00000002 00000000 00010000 0001 01  9420 /run/udev/io.systemd.Udev
0000000000000000: 00000003 00000000 00000000 0001 03 37170
0000000000000000: 00000003 00000000 00000000 0001 03 30822 /run/systemd/journal/stdout
0000000000000000: 00000003 00000000 00000000 0001 03 17157
0000000000000000: 00000003 00000000 00000000 0001 03 18131
0000000000000000: 00000003 00000000 00000000 0001 03 28301 /run/user/1000/wayland-0
0000000000000000: 00000003 00000000 00000000 0001 03 27174
0000000000000000: 00000003 00000000 00000000 0001 03 26863
0000000000000000: 00000003 00000000 00000000 0001 03 26130
0000000000000000: 00000003 00000000 00000000 0001 03 24205
0000000000000000: 00000003 00000000 00000000 0001 03 18101
0000000000000000: 00000003 00000000 00000000 0001 03 39282
0000000000000000: 00000003 00000000 00000000 0005 03 37182
0000000000000000: 00000003 00000000 00000000 0001 03 28383
0000000000000000: 00000003 00000000 00000000 0001 03 16221
0000000000000000: 00000003 00000000 00000000 0001 03 28387
0000000000000000: 00000003 00000000 00000000 0001 03 25556 /run/user/1000/bus
0000000000000000: 00000003 00000000 00000000 0001 03 29901 /run/systemd/journal/stdout
0000000000000000: 00000003 00000000 00000000 0001 03 21386
0000000000000000: 00000003 00000000 00000000 0001 03 34544
0000000000000000: 00000003 00000000 00000000 0001 03 34435
0000000000000000: 00000003 00000000 00000000 0001 03 29070
0000000000000000: 00000003 00000000 00000000 0001 03 29048 /run/user/1000/bus
0000000000000000: 00000002 00000000 00000000 0002 01 26405
0000000000000000: 00000003 00000000 00000000 0005 03 37197
0000000000000000: 00000003 00000000 00000000 0001 03 26543
0000000000000000: 00000003 00000000 00000000 0001 03 26511 /run/systemd/journal/stdout
0000000000000000: 00000003 00000000 00000000 0001 03 16914
0000000000000000: 00000003 00000000 00000000 0005 03 37236
0000000000000000: 00000003 00000000 00000000 0001 03 31876
0000000000000000: 00000003 00000000 00000000 0001 03 33092
0000000000000000: 00000003 00000000 00000000 0001 03 30888
0000000000000000: 00000003 00000000 00000000 0001 03 18844
0000000000000000: 00000003 00000000 00000000 0001 03 31772 /run/dbus/system_bus_socket
0000000000000000: 00000003 00000000 00000000 0001 03 19835
0000000000000000: 00000002 00000000 00000000 0005 03 152967
0000000000000000: 00000003 00000000 00000000 0001 03 39283
0000000000000000: 00000003 00000000 00000000 0005 03 39260
0000000000000000: 00000003 00000000 00000000 0001 03 29104
0000000000000000: 00000003 00000000 00000000 0001 03 18205
0000000000000000: 00000003 00000000 00000000 0001 03 21694 /run/systemd/journal/stdout
0000000000000000: 00000003 00000000 00000000 0001 03 30741 /run/user/1000/bus
0000000000000000: 00000003 00000000 00000000 0001 03 26600
0000000000000000: 00000003 00000000 00000000 0001 03 156861
0000000000000000: 00000003 00000000 00000000 0001 03 30306
0000000000000000: 00000003 00000000 00000000 0001 03 29072 /run/systemd/journal/stdout
0000000000000000: 00000003 00000000 00000000 0001 03 28228
0000000000000000: 00000003 00000000 00000000 0001 03 30095
0000000000000000: 00000002 00000000 00000000 0002 03 26853 /run/user/1000/systemd/notify
0000000000000000: 00000002 00000000 00010000 0001 01 10497 /run/systemd/journal/io.systemd.journal
0000000000000000: 00000004 00000000 00000000 0002 03  2773 /run/systemd/notify
0000000000000000: 00000003 00000000 00000000 0001 03 29038 /run/dbus/system_bus_socket
0000000000000000: 00000003 00000000 00000000 0001 03 30048 /run/user/1000/bus
0000000000000000: 00000002 00000000 00010000 0001 01 26860 /run/user/1000/systemd/private
0000000000000000: 00000003 00000000 00000000 0001 03 30886 /run/user/1000/bus
0000000000000000: 00000002 00000000 00010000 0001 01 26862 /run/user/1000/systemd/io.systemd.Manager
0000000000000000: 00000003 00000000 00000000 0005 03 37198
0000000000000000: 00000003 00000000 00000000 0001 03 30915 /run/systemd/journal/stdout
0000000000000000: 00000003 00000000 00000000 0001 03 28066
0000000000000000: 00000002 00000000 00010000 0001 01 26870 /run/user/1000/bus
0000000000000000: 00000003 00000000 00000000 0001 03 16798 /run/systemd/journal/stdout
0000000000000000: 00000002 00000000 00010000 0001 01  2781 /run/systemd/userdb/io.systemd.DynamicUser
0000000000000000: 00000003 00000000 00000000 0001 03 32033 /run/dbus/system_bus_socket
0000000000000000: 00000003 00000000 00000000 0001 03 20179
0000000000000000: 00000003 00000000 00000000 0001 03 15080
0000000000000000: 00000003 00000000 00000000 0001 03  9510
0000000000000000: 00000002 00000000 00010000 0001 01  2782 /run/systemd/io.systemd.ManagedOOM
0000000000000000: 00000002 00000000 00010000 0001 01  2783 /run/systemd/io.systemd.Manager
0000000000000000: 00000003 00000000 00000000 0001 03 27213 /home/micron5/.cache/ibus/dbus-ejciAA57
0000000000000000: 00000003 00000000 00000000 0001 03 30789
0000000000000000: 00000002 00000000 00010000 0001 01 26871 /run/user/1000/gnupg/S.dirmngr
0000000000000000: 00000003 00000000 00000000 0001 03 31821
0000000000000000: 00000003 00000000 00000000 0001 03 24220 /run/user/1000/bus
0000000000000000: 00000003 00000000 00000000 0001 03 31888
0000000000000000: 00000003 00000000 00000000 0001 03 28220 /run/user/1000/bus
0000000000000000: 00000002 00000000 00010000 0001 01 26872 /run/user/1000/keyring/control
0000000000000000: 00000003 00000000 00000000 0001 03 34536
0000000000000000: 00000003 00000000 00000000 0001 03 30853 /run/systemd/journal/stdout
0000000000000000: 00000002 00000000 00010000 0001 01 26873 /run/user/1000/gnupg/S.gpg-agent.browser
0000000000000000: 0000000F 00000000 00000000 0002 03  2825 /run/systemd/journal/dev-log
0000000000000000: 00000003 00000000 00000000 0001 03 117741 /run/user/1000/bus
0000000000000000: 00000002 00000000 00010000 0001 01 26874 /run/user/1000/gnupg/S.gpg-agent.extra
0000000000000000: 00000008 00000000 00000000 0002 03  2826 /run/systemd/journal/socket
0000000000000000: 00000003 00000000 00000000 0005 03 153965
0000000000000000: 00000003 00000000 00000000 0001 03 24500
0000000000000000: 00000003 00000000 00000000 0001 03 28124 /run/dbus/system_bus_socket
0000000000000000: 00000003 00000000 00000000 0001 03 25494 /run/systemd/journal/stdout
0000000000000000: 00000003 00000000 00000000 0001 03 28981 /run/systemd/journal/stdout
0000000000000000: 00000002 00000000 00010000 0001 01 26875 /run/user/1000/gnupg/S.gpg-agent
0000000000000000: 00000002 00000000 00010000 0001 01  2827 /run/systemd/journal/stdout
0000000000000000: 00000002 00000000 00000000 0005 03 154680
0000000000000000: 00000003 00000000 00000000 0001 03 31493
0000000000000000: 00000003 00000000 00000000 0001 03 32815 /run/user/1000/pulse/native
0000000000000000: 00000003 00000000 00000000 0001 03 20024 /run/systemd/journal/stdout
0000000000000000: 00000002 00000000 00010000 0001 01 26876 /run/user/1000/gnupg/S.keyboxd
0000000000000000: 00000003 00000000 00000000 0001 03 25164 /run/systemd/journal/stdout
0000000000000000: 00000003 00000000 00000000 0001 03 84899
0000000000000000: 00000003 00000000 00000000 0005 03 38432
0000000000000000: 00000003 00000000 00000000 0001 03 31869
0000000000000000: 00000002 00000000 00000000 0002 03 19836
0000000000000000: 00000003 00000000 00000000 0001 03 149309
0000000000000000: 00000003 00000000 00000000 0001 03 33099 /run/user/1000/bus
0000000000000000: 00000003 00000000 00000000 0001 03 30878 /run/user/1000/bus
0000000000000000: 00000003 00000000 00000000 0001 03 25521
0000000000000000: 00000002 00000000 00010000 0001 01 26877 /run/user/1000/pulse/native
0000000000000000: 00000003 00000000 00000000 0005 03 16241
0000000000000000: 00000002 00000000 00000000 0002 03 21703
0000000000000000: 00000002 00000000 00010000 0001 01 28138 /home/micron5/.cache/ibus/dbus-ejciAA57
0000000000000000: 00000002 00000000 00010000 0001 01 26878 /run/user/1000/pipewire-0
0000000000000000: 00000003 00000000 00000000 0002 03 26857
0000000000000000: 00000003 00000000 00000000 0001 03 23198 /run/dbus/system_bus_socket
0000000000000000: 00000003 00000000 00000000 0001 03 41387
0000000000000000: 00000003 00000000 00000000 0001 03 30248 /run/user/1000/bus
0000000000000000: 00000002 00000000 00010000 0001 01 26879 /run/user/1000/pipewire-0-manager
0000000000000000: 00000003 00000000 00000000 0005 03 153922
0000000000000000: 00000003 00000000 00000000 0001 03 147140
0000000000000000: 00000003 00000000 00000000 0001 03 32860
0000000000000000: 00000003 00000000 00000000 0001 03 30060 /run/user/1000/bus
0000000000000000: 00000002 00000000 00010000 0001 01 26880 /run/user/1000/pk-debconf-socket
0000000000000000: 00000003 00000000 00000000 0001 03 26542
0000000000000000: 00000003 00000000 00000000 0001 03 30854
0000000000000000: 00000002 00000000 00010000 0001 01 26883 /run/user/1000/snapd-session-agent.socket
0000000000000000: 00000002 00000000 00000000 0002 01 19958
0000000000000000: 00000003 00000000 00000000 0001 03 24497
0000000000000000: 00000003 00000000 00000000 0001 03 25535 /run/user/1000/bus
0000000000000000: 00000003 00000000 00000000 0001 03 24470 /run/user/1000/bus
0000000000000000: 00000003 00000000 00000000 0001 03 26318 /run/user/1000/bus
0000000000000000: 00000003 00000000 00000000 0001 03 21406
0000000000000000: 00000003 00000000 00000000 0001 03 21879
0000000000000000: 00000003 00000000 00000000 0001 03 19900 /run/systemd/journal/stdout
0000000000000000: 00000003 00000000 00000000 0002 03 16680
0000000000000000: 00000003 00000000 00000000 0001 03 30872
0000000000000000: 00000003 00000000 00000000 0001 03 29906
0000000000000000: 00000003 00000000 00000000 0001 03 29905
0000000000000000: 00000002 00000000 00010000 0001 01 26884 /run/user/1000/speech-dispatcher/speechd.sock
0000000000000000: 00000003 00000000 00000000 0001 03 21705
0000000000000000: 00000003 00000000 00000000 0001 03 31871
0000000000000000: 00000002 00000000 00010000 0001 01 26885 /run/user/1000/openssh_agent
0000000000000000: 00000003 00000000 00000000 0001 03 19960
0000000000000000: 00000003 00000000 00000000 0001 03 28379 /run/snapd-snap.socket
0000000000000000: 00000003 00000000 00000000 0001 03 25495 /run/systemd/journal/stdout
0000000000000000: 00000003 00000000 00000000 0002 03 26858
0000000000000000: 00000002 00000000 00010000 0001 01 26886 /run/user/1000/systemd/io.systemd.AskPassword
0000000000000000: 00000003 00000000 00000000 0001 03 26805 /run/dbus/system_bus_socket
0000000000000000: 00000003 00000000 00000000 0001 03 31748 /run/systemd/journal/stdout
0000000000000000: 00000003 00000000 00000000 0001 03 25563 /run/user/1000/bus
0000000000000000: 00000002 00000000 00010000 0001 01 26896 /run/user/1000/gcr/ssh
0000000000000000: 00000003 00000000 00000000 0001 03  7631 /run/systemd/journal/stdout
0000000000000000: 00000003 00000000 00000000 0001 03 43411
0000000000000000: 00000003 00000000 00000000 0005 03 35303
0000000000000000: 00000003 00000000 00000000 0001 03 21384
0000000000000000: 00000003 00000000 00000000 0001 03 16912
0000000000000000: 00000003 00000000 00000000 0001 03 25490 /run/systemd/journal/stdout
0000000000000000: 00000002 00000000 00010000 0001 01 26900 /run/user/1000/gnupg/S.gpg-agent.ssh
0000000000000000: 00000003 00000000 00000000 0005 03 35305
0000000000000000: 00000003 00000000 00000000 0001 03 25498 /run/user/1000/bus
0000000000000000: 00000003 00000000 00000000 0001 03 26969
0000000000000000: 00000003 00000000 00000000 0001 03 27370 /run/dbus/system_bus_socket
0000000000000000: 00000003 00000000 00000000 0001 03 25393 /run/systemd/journal/stdout
0000000000000000: 00000003 00000000 00000000 0001 03 21087 /run/systemd/journal/stdout
0000000000000000: 00000003 00000000 00000000 0001 03 151950
0000000000000000: 00000003 00000000 00000000 0001 03 30857 /run/systemd/journal/stdout
0000000000000000: 00000003 00000000 00000000 0002 03  9386
0000000000000000: 00000003 00000000 00000000 0001 03 28216
0000000000000000: 00000003 00000000 00000000 0001 03 28941
0000000000000000: 00000003 00000000 00000000 0001 03 26137 /run/user/1000/bus
0000000000000000: 00000003 00000000 00000000 0001 03 21407 /run/systemd/journal/stdout
0000000000000000: 00000002 00000000 00000000 0002 03 25304
0000000000000000: 00000003 00000000 00000000 0001 03 116697
0000000000000000: 00000003 00000000 00000000 0001 03 33890 /run/user/1000/bus
0000000000000000: 00000003 00000000 00000000 0001 03 30418
0000000000000000: 00000003 00000000 00000000 0001 03  7633 /run/systemd/journal/stdout
0000000000000000: 00000003 00000000 00000000 0001 03 28493 /run/user/1000/pipewire-0
0000000000000000: 00000003 00000000 00000000 0001 03 30993 /run/user/1000/bus
0000000000000000: 00000003 00000000 00000000 0001 03 41301
0000000000000000: 00000003 00000000 00000000 0005 03 35302
0000000000000000: 00000003 00000000 00000000 0001 03 27834
0000000000000000: 00000003 00000000 00000000 0001 03 30832 /run/systemd/journal/stdout
0000000000000000: 00000003 00000000 00000000 0001 03 28762
0000000000000000: 00000003 00000000 00000000 0001 03 90968 /run/user/1000/bus
0000000000000000: 00000003 00000000 00000000 0001 03 26376 /run/user/1000/bus
0000000000000000: 00000003 00000000 00000000 0001 03 23822 /run/dbus/system_bus_socket
0000000000000000: 00000003 00000000 00000000 0001 03 26379
0000000000000000: 00000003 00000000 00000000 0001 03 28989
0000000000000000: 00000003 00000000 00000000 0002 03 29769
0000000000000000: 00000003 00000000 00000000 0001 03 120751
0000000000000000: 00000003 00000000 00000000 0001 03 25575
0000000000000000: 00000003 00000000 00000000 0001 03 21434 /run/systemd/journal/stdout
0000000000000000: 00000003 00000000 00000000 0001 03 25198 /run/systemd/journal/stdout
0000000000000000: 00000003 00000000 00000000 0001 03 16666
0000000000000000: 00000003 00000000 00000000 0001 03 37552
0000000000000000: 00000003 00000000 00000000 0005 03 36772
0000000000000000: 00000003 00000000 00000000 0001 03 32032
0000000000000000: 00000003 00000000 00000000 0001 03 30021
0000000000000000: 00000003 00000000 00000000 0001 03 26110 /run/dbus/system_bus_socket
0000000000000000: 00000003 00000000 00000000 0001 03 16953
0000000000000000: 00000003 00000000 00000000 0001 03 24266 /run/systemd/journal/stdout
0000000000000000: 00000003 00000000 00000000 0001 03 28806
0000000000000000: 00000003 00000000 00000000 0001 03 32856
0000000000000000: 00000002 00000000 00010000 0001 01 28788 /run/user/1000/keyring/pkcs11
0000000000000000: 00000002 00000000 00000000 0001 03 25567
0000000000000000: 00000003 00000000 00000000 0001 03 89134 /run/user/1000/pipewire-0
0000000000000000: 00000003 00000000 00000000 0001 03 28390 /run/user/1000/pipewire-0
0000000000000000: 00000003 00000000 00000000 0001 03 26536
0000000000000000: 00000003 00000000 00000000 0001 03 27841 /run/user/1000/bus
0000000000000000: 00000003 00000000 00000000 0001 03 20065
0000000000000000: 00000003 00000000 00000000 0001 03 20770
0000000000000000: 00000003 00000000 00000000 0001 03 30820
0000000000000000: 00000003 00000000 00000000 0001 03 26096 /run/dbus/system_bus_socket
0000000000000000: 00000003 00000000 00000000 0001 03 23821
0000000000000000: 00000003 00000000 00000000 0005 03 34692
0000000000000000: 00000003 00000000 00000000 0001 03 30836
0000000000000000: 00000003 00000000 00000000 0001 03 26091
0000000000000000: 00000003 00000000 00000000 0002 03  2775
0000000000000000: 00000003 00000000 00000000 0001 03 31788 /run/dbus/system_bus_socket
0000000000000000: 00000003 00000000 00000000 0001 03 24217 /run/user/1000/bus
0000000000000000: 00000003 00000000 00000000 0001 03 21890 /run/systemd/journal/stdout
0000000000000000: 00000003 00000000 00000000 0001 03 24340
0000000000000000: 00000003 00000000 00000000 0001 03 21707 /run/dbus/system_bus_socket
0000000000000000: 00000003 00000000 00000000 0005 03 36694
0000000000000000: 00000003 00000000 00000000 0001 03 26544 /run/user/1000/bus
0000000000000000: 00000003 00000000 00000000 0001 03 38338
0000000000000000: 00000003 00000000 00000000 0001 03 28013 /run/user/1000/bus
0000000000000000: 00000003 00000000 00000000 0001 03 16711
0000000000000000: 00000003 00000000 00000000 0002 03 16697
0000000000000000: 00000003 00000000 00000000 0001 03 29160
0000000000000000: 00000003 00000000 00000000 0001 03 30921 /run/dbus/system_bus_socket
0000000000000000: 00000003 00000000 00000000 0001 03 29013
0000000000000000: 00000003 00000000 00000000 0001 03 31805
0000000000000000: 00000003 00000000 00000000 0001 03 26968
0000000000000000: 00000003 00000000 00000000 0001 03 25317 /run/user/1000/bus
0000000000000000: 00000003 00000000 00000000 0001 03 24517
0000000000000000: 00000003 00000000 00000000 0001 03 30136 /run/systemd/journal/stdout
0000000000000000: 00000003 00000000 00000000 0001 03 30745 /run/systemd/journal/stdout
0000000000000000: 00000003 00000000 00000000 0001 03 21413
0000000000000000: 00000003 00000000 00000000 0001 03 148412
0000000000000000: 00000003 00000000 00000000 0001 03 33114
0000000000000000: 00000003 00000000 00000000 0001 03 24463
0000000000000000: 00000003 00000000 00000000 0005 03 39236
0000000000000000: 00000003 00000000 00000000 0001 03 30297
0000000000000000: 00000003 00000000 00000000 0001 03 30746 /run/dbus/system_bus_socket
0000000000000000: 00000003 00000000 00000000 0001 03 16915
0000000000000000: 00000003 00000000 00000000 0001 03 29195 /run/snapd-snap.socket
0000000000000000: 00000003 00000000 00000000 0001 03 26491
0000000000000000: 00000003 00000000 00000000 0001 03 18079 /run/systemd/journal/stdout
0000000000000000: 00000003 00000000 00000000 0001 03 39771
0000000000000000: 00000003 00000000 00000000 0001 03 30110
0000000000000000: 00000003 00000000 00000000 0001 03 39067 /run/user/1000/pulse/native
0000000000000000: 00000003 00000000 00000000 0001 03 28330
0000000000000000: 00000003 00000000 00000000 0001 03 30018
0000000000000000: 00000003 00000000 00000000 0002 03 16679
0000000000000000: 00000003 00000000 00000000 0001 03 30995 /run/user/1000/gvfsd/socket-bcWIgxzo
0000000000000000: 00000003 00000000 00000000 0001 03 28224
0000000000000000: 00000003 00000000 00000000 0001 03 27178
0000000000000000: 00000002 00000000 00000000 0002 03  7004
0000000000000000: 00000003 00000000 00000000 0005 03 34691
0000000000000000: 00000003 00000000 00000000 0001 03 24501
0000000000000000: 00000003 00000000 00000000 0001 03 37203
0000000000000000: 00000003 00000000 00000000 0001 03 40208 /run/dbus/system_bus_socket
0000000000000000: 00000003 00000000 00000000 0001 03 24444
0000000000000000: 00000003 00000000 00000000 0001 03 38304
0000000000000000: 00000003 00000000 00000000 0001 03 27220 /run/user/1000/pipewire-0
0000000000000000: 00000003 00000000 00000000 0001 03 25587
0000000000000000: 00000002 00000000 00000000 0002 03 19833
0000000000000000: 00000003 00000000 00000000 0001 03 28384
0000000000000000: 00000003 00000000 00000000 0001 03 26516 /run/dbus/system_bus_socket
0000000000000000: 00000003 00000000 00000000 0001 03 26357
0000000000000000: 00000003 00000000 00000000 0005 03 155865
0000000000000000: 00000003 00000000 00000000 0001 03 150828
0000000000000000: 00000003 00000000 00000000 0001 03 31215
0000000000000000: 00000003 00000000 00000000 0001 03 33810 /run/user/1000/bus
0000000000000000: 00000003 00000000 00000000 0001 03 27840
0000000000000000: 00000003 00000000 00000000 0001 03 26530 /run/dbus/system_bus_socket
0000000000000000: 00000003 00000000 00000000 0001 03 28300 /run/user/1000/wayland-0
0000000000000000: 00000003 00000000 00000000 0001 03 24187 /run/systemd/journal/stdout
0000000000000000: 00000003 00000000 00000000 0001 03 28308 /run/user/1000/bus
0000000000000000: 00000003 00000000 00000000 0001 03 24469 /run/user/1000/bus
0000000000000000: 00000003 00000000 00000000 0001 03 28802
0000000000000000: 00000003 00000000 00000000 0001 03 19839 /run/systemd/journal/stdout
0000000000000000: 00000003 00000000 00000000 0005 03 37201
0000000000000000: 00000003 00000000 00000000 0001 03 33486 /run/systemd/journal/stdout
0000000000000000: 00000003 00000000 00000000 0001 03 31834 /run/user/1000/pipewire-0
0000000000000000: 00000003 00000000 00000000 0001 03 26477 /home/micron5/.cache/ibus/dbus-ejciAA57
0000000000000000: 00000003 00000000 00000000 0001 03 26619
0000000000000000: 00000003 00000000 00000000 0001 03 30305 /run/user/1000/bus
0000000000000000: 00000003 00000000 00000000 0001 03 30932 /run/systemd/journal/stdout
0000000000000000: 00000002 00000000 00010000 0001 01 28938 /run/user/1000/at-spi/bus
0000000000000000: 00000003 00000000 00000000 0001 03 25308 /run/user/1000/bus
0000000000000000: 00000003 00000000 00000000 0001 03 25163 /run/systemd/journal/stdout
0000000000000000: 00000003 00000000 00000000 0001 03 18074
0000000000000000: 00000003 00000000 00000000 0001 03 150438 /run/user/1000/bus
0000000000000000: 00000003 00000000 00000000 0001 03 25588 /run/systemd/journal/stdout
0000000000000000: 00000002 00000000 00000000 0002 01 25420
0000000000000000: 00000003 00000000 00000000 0001 03 29054
0000000000000000: 00000003 00000000 00000000 0001 03 26305
0000000000000000: 00000003 00000000 00000000 0001 03 30754 /run/systemd/journal/stdout
0000000000000000: 00000003 00000000 00000000 0001 03 24558 /run/systemd/journal/stdout
0000000000000000: 00000002 00000000 00010000 0001 01 28059 /run/user/1000/wayland-0
0000000000000000: 00000003 00000000 00000000 0001 03 24311 /run/user/1000/bus
0000000000000000: 00000002 00000000 00000000 0002 03 10499
0000000000000000: 00000003 00000000 00000000 0001 03 144316
0000000000000000: 00000003 00000000 00000000 0001 03 29888
0000000000000000: 00000003 00000000 00000000 0002 03 26856
0000000000000000: 00000003 00000000 00000000 0005 03 39237
0000000000000000: 00000003 00000000 00000000 0001 03 32842
0000000000000000: 00000003 00000000 00000000 0001 03 29047 /run/user/1000/bus
0000000000000000: 00000003 00000000 00000000 0001 03 30121
0000000000000000: 00000002 00000000 00000000 0005 03 155725
0000000000000000: 00000003 00000000 00000000 0001 03 31890
0000000000000000: 00000003 00000000 00000000 0001 03 28316 /run/user/1000/at-spi/bus
0000000000000000: 00000003 00000000 00000000 0001 03 28787 /run/dbus/system_bus_socket
0000000000000000: 00000003 00000000 00000000 0001 03  1724 /run/systemd/io.systemd.ManagedOOM
0000000000000000: 00000003 00000000 00000000 0001 03 29015 /run/systemd/journal/stdout
0000000000000000: 00000003 00000000 00000000 0001 03 28087
0000000000000000: 00000002 00000000 00000000 0002 03 20769
0000000000000000: 00000003 00000000 00000000 0002 03  2777
0000000000000000: 00000003 00000000 00000000 0001 03 31889
0000000000000000: 00000003 00000000 00000000 0001 03 30889 /run/user/1000/pulse/native
0000000000000000: 00000003 00000000 00000000 0001 03 25392 /run/systemd/journal/stdout
0000000000000000: 00000003 00000000 00000000 0001 03 24703
0000000000000000: 00000002 00000000 00000000 0002 03 16240 /run/chrony/chronyd.sock
0000000000000000: 00000002 00000000 00000000 0002 03 18877
0000000000000000: 00000003 00000000 00000000 0001 03 28986 /run/user/1000/bus
0000000000000000: 00000003 00000000 00000000 0001 03 23432 /run/dbus/system_bus_socket
0000000000000000: 00000003 00000000 00000000 0002 03  9385
0000000000000000: 00000003 00000000 00000000 0001 03 30893
0000000000000000: 00000003 00000000 00000000 0001 03 26105 /run/user/1000/pipewire-0-manager
0000000000000000: 00000003 00000000 00000000 0001 03 37237
0000000000000000: 00000003 00000000 00000000 0001 03 29044 /run/user/1000/bus
0000000000000000: 00000003 00000000 00000000 0001 03 27172
0000000000000000: 00000003 00000000 00000000 0001 03 24116
0000000000000000: 00000003 00000000 00000000 0001 03 25202 /run/dbus/system_bus_socket
0000000000000000: 00000003 00000000 00000000 0001 03 156865
0000000000000000: 00000003 00000000 00000000 0001 03 104802
0000000000000000: 00000003 00000000 00000000 0001 03 21504
0000000000000000: 00000003 00000000 00000000 0001 03 28772
0000000000000000: 00000003 00000000 00000000 0001 03 19936
0000000000000000: 00000003 00000000 00000000 0005 03 153831
0000000000000000: 00000003 00000000 00000000 0001 03 29043
0000000000000000: 00000003 00000000 00000000 0001 03 39222 /run/user/1000/bus
0000000000000000: 00000003 00000000 00000000 0001 03 27247
0000000000000000: 00000003 00000000 00000000 0001 03 28127
0000000000000000: 00000003 00000000 00000000 0001 03 26455
0000000000000000: 00000003 00000000 00000000 0001 03 154641
0000000000000000: 00000003 00000000 00000000 0001 03 119217 /run/user/1000/at-spi/bus
0000000000000000: 00000003 00000000 00000000 0001 03 27199
0000000000000000: 00000003 00000000 00000000 0001 03 30726 /run/systemd/journal/stdout
0000000000000000: 00000003 00000000 00000000 0001 03 30298 /run/dbus/system_bus_socket
0000000000000000: 00000003 00000000 00000000 0001 03 30856 /run/systemd/journal/stdout
0000000000000000: 00000003 00000000 00000000 0001 03 28980
0000000000000000: 00000003 00000000 00000000 0001 03  7632 /run/systemd/journal/stdout
0000000000000000: 00000003 00000000 00000000 0001 03 41300
0000000000000000: 00000003 00000000 00000000 0001 03 28990 /run/dbus/system_bus_socket
0000000000000000: 00000003 00000000 00000000 0001 03 155010
0000000000000000: 00000003 00000000 00000000 0001 03 27096
0000000000000000: 00000003 00000000 00000000 0002 03 26859
0000000000000000: 00000003 00000000 00000000 0001 03 18225 /run/systemd/journal/stdout
0000000000000000: 00000003 00000000 00000000 0001 03 21687
0000000000000000: 00000003 00000000 00000000 0005 03 153921
0000000000000000: 00000003 00000000 00000000 0001 03 30790 /run/user/1000/at-spi/bus
0000000000000000: 00000003 00000000 00000000 0001 03 29889 /run/systemd/journal/stdout
0000000000000000: 00000002 00000000 00000000 0005 03 153739
0000000000000000: 00000003 00000000 00000000 0005 03 36789
0000000000000000: 00000003 00000000 00000000 0001 03 26360 /run/systemd/journal/stdout
0000000000000000: 00000002 00000000 00000000 0002 03 27739
0000000000000000: 00000003 00000000 00000000 0002 03  2776
0000000000000000: 00000003 00000000 00000000 0001 03 21892 /run/dbus/system_bus_socket
0000000000000000: 00000003 00000000 00000000 0001 03 28001 /run/systemd/journal/stdout
0000000000000000: 00000003 00000000 00000000 0001 03 21704
0000000000000000: 00000003 00000000 00000000 0001 03 58392 /run/systemd/journal/stdout
0000000000000000: 00000003 00000000 00000000 0001 03 25508 /run/user/1000/bus
0000000000000000: 00000003 00000000 00000000 0001 03 26327
0000000000000000: 00000003 00000000 00000000 0001 03 121639
0000000000000000: 00000003 00000000 00000000 0001 03 84897 /run/user/1000/pulse/native
0000000000000000: 00000003 00000000 00000000 0001 03 29001
0000000000000000: 00000003 00000000 00000000 0001 03 25291
0000000000000000: 00000003 00000000 00000000 0001 03 18223
0000000000000000: 00000002 00000000 00000000 0002 01 19929
0000000000000000: 00000003 00000000 00000000 0005 03 153974
0000000000000000: 00000003 00000000 00000000 0001 03 31875 /run/systemd/journal/stdout
0000000000000000: 00000003 00000000 00000000 0001 03 30876
0000000000000000: 00000003 00000000 00000000 0001 03 28811
0000000000000000: 00000003 00000000 00000000 0001 03 26917
0000000000000000: 00000003 00000000 00000000 0001 03 28225 /home/micron5/.cache/ibus/dbus-ejciAA57
0000000000000000: 00000003 00000000 00000000 0001 03 25511 /run/user/1000/bus
0000000000000000: 00000002 00000000 00000000 0002 03 29831
0000000000000000: 00000003 00000000 00000000 0001 03 18851
0000000000000000: 00000003 00000000 00000000 0001 03 39221 /run/user/1000/wayland-0
0000000000000000: 00000003 00000000 00000000 0001 03 26226 /run/dbus/system_bus_socket
0000000000000000: 00000003 00000000 00000000 0001 03 20249
0000000000000000: 00000003 00000000 00000000 0001 03 38516
0000000000000000: 00000003 00000000 00000000 0001 03 30251
0000000000000000: 00000003 00000000 00000000 0001 03 26334 /run/systemd/journal/stdout
0000000000000000: 00000003 00000000 00000000 0001 03 28306 /run/user/1000/bus
0000000000000000: 00000003 00000000 00000000 0001 03 27735
0000000000000000: 00000003 00000000 00000000 0001 03 26462 /run/dbus/system_bus_socket
0000000000000000: 00000003 00000000 00000000 0001 03 27177
0000000000000000: 00000003 00000000 00000000 0001 03 26227 /run/dbus/system_bus_socket
0000000000000000: 00000003 00000000 00000000 0001 03 16727
0000000000000000: 00000003 00000000 00000000 0001 03 26104
0000000000000000: 00000003 00000000 00000000 0001 03 20755 /run/systemd/journal/stdout
0000000000000000: 00000003 00000000 00000000 0001 03 28388
0000000000000000: 00000003 00000000 00000000 0001 03 31807
0000000000000000: 00000003 00000000 00000000 0001 03 26599
0000000000000000: 00000003 00000000 00000000 0001 03 30809
0000000000000000: 00000003 00000000 00000000 0001 03 24115
0000000000000000: 00000003 00000000 00000000 0001 03 35327
0000000000000000: 00000003 00000000 00000000 0001 03 31191
0000000000000000: 00000003 00000000 00000000 0001 03 27161
0000000000000000: 00000003 00000000 00000000 0001 03 21342 /run/gdm3/dbus/dbus-tXx3IMbI
0000000000000000: 00000002 00000000 00000000 0002 01 151862 /run/wpa_supplicant/wlp0s20f3
0000000000000000: 00000003 00000000 00000000 0001 03 24376 /run/systemd/journal/stdout
0000000000000000: 00000002 00000000 00000000 0002 01 148099 /run/wpa_supplicant/p2p-dev-wlp0s20
0000000000000000: 00000003 00000000 00000000 0001 03 24468
0000000000000000: 00000003 00000000 00000000 0001 03 28070
0000000000000000: 00000002 00000000 00000000 0002 03 19834
0000000000000000: 00000003 00000000 00000000 0001 03 43412
0000000000000000: 00000003 00000000 00000000 0001 03 28299 /run/user/1000/wayland-0
0000000000000000: 00000003 00000000 00000000 0001 03 30123
0000000000000000: 00000003 00000000 00000000 0001 03 25306
0000000000000000: 00000003 00000000 00000000 0001 03 15033 /run/systemd/journal/stdout
0000000000000000: 00000003 00000000 00000000 0001 03 86513
0000000000000000: 00000002 00000000 00000000 0002 01 30923
0000000000000000: 00000003 00000000 00000000 0001 03 25589 /run/systemd/journal/stdout
0000000000000000: 00000003 00000000 00000000 0001 03 28313 /run/user/1000/at-spi/bus
0000000000000000: 00000003 00000000 00000000 0001 03 24492
0000000000000000: 00000003 00000000 00000000 0001 03 156860
0000000000000000: 00000003 00000000 00000000 0001 03 24498 /run/dbus/system_bus_socket
0000000000000000: 00000003 00000000 00000000 0001 03 26109
0000000000000000: 00000003 00000000 00000000 0001 03 18843
0000000000000000: 00000003 00000000 00000000 0001 03 24265 /run/systemd/journal/stdout
0000000000000000: 00000003 00000000 00000000 0001 03 155048
0000000000000000: 00000003 00000000 00000000 0001 03 155011
0000000000000000: 00000003 00000000 00000000 0001 03 151241
0000000000000000: 00000003 00000000 00000000 0001 03 26527 /run/systemd/journal/stdout
0000000000000000: 00000003 00000000 00000000 0001 03 25512 /run/user/1000/bus
0000000000000000: 00000002 00000000 00010000 0001 01 28056 /tmp/.X11-unix/X0
0000000000000000: 00000003 00000000 00000000 0001 03 26970
0000000000000000: 00000003 00000000 00000000 0001 03 26135
0000000000000000: 00000003 00000000 00000000 0001 03 28466 /run/systemd/journal/stdout
0000000000000000: 00000003 00000000 00000000 0001 03 25520 /run/user/1000/bus
0000000000000000: 00000003 00000000 00000000 0001 03 25491 /run/systemd/journal/stdout
0000000000000000: 00000003 00000000 00000000 0001 03 24185 /run/systemd/journal/stdout
0000000000000000: 00000002 00000000 00010000 0001 01 28058 /tmp/.X11-unix/X1
0000000000000000: 00000003 00000000 00000000 0001 03 28049
0000000000000000: 00000003 00000000 00000000 0001 03 26107 /run/user/1000/bus
0000000000000000: 00000003 00000000 00000000 0001 03 37204
0000000000000000: 00000003 00000000 00000000 0005 03 37202
0000000000000000: 00000003 00000000 00000000 0001 03 28193
0000000000000000: 00000003 00000000 00000000 0001 03 119214
0000000000000000: 00000003 00000000 00000000 0001 03 34742
0000000000000000: 00000003 00000000 00000000 0001 03 28389
0000000000000000: 00000003 00000000 00000000 0001 03 26367
0000000000000000: 00000003 00000000 00000000 0001 03 24342
0000000000000000: 00000003 00000000 00000000 0002 03 23252
0000000000000000: 00000003 00000000 00000000 0001 03 19959
0000000000000000: 00000003 00000000 00000000 0001 03 24189 /run/systemd/journal/stdout
0000000000000000: 00000002 00000000 00000000 0002 03 32042
0000000000000000: 00000003 00000000 00000000 0001 03 28204
0000000000000000: 00000003 00000000 00000000 0001 03 30877
0000000000000000: 00000003 00000000 00000000 0001 03 21350 /run/systemd/oom/io.systemd.ManagedOOM
0000000000000000: 00000003 00000000 00000000 0001 03 19237 /run/dbus/system_bus_socket
0000000000000000: 00000003 00000000 00000000 0001 03 19863
0000000000000000: 00000003 00000000 00000000 0001 03 30459
0000000000000000: 00000003 00000000 00000000 0001 03 25383
0000000000000000: 00000003 00000000 00000000 0001 03 16952
0000000000000000: 00000003 00000000 00000000 0001 03 24206 /run/systemd/journal/stdout
0000000000000000: 00000003 00000000 00000000 0001 03 25958
0000000000000000: 00000003 00000000 00000000 0001 03 29199 /run/user/1000/wayland-0
0000000000000000: 00000003 00000000 00000000 0001 03 29046 /run/user/1000/bus
0000000000000000: 00000003 00000000 00000000 0001 03 24516
0000000000000000: 00000003 00000000 00000000 0001 03 28134
0000000000000000: 00000003 00000000 00000000 0001 03 21710 /run/dbus/system_bus_socket
0000000000000000: 00000003 00000000 00000000 0005 03 38374
0000000000000000: 00000003 00000000 00000000 0001 03 35310
0000000000000000: 00000003 00000000 00000000 0001 03 30934 /run/systemd/journal/stdout
0000000000000000: 00000002 00000000 00000000 0002 03 16916
0000000000000000: 00000003 00000000 00000000 0001 03 151240
0000000000000000: 00000003 00000000 00000000 0001 03 148413
0000000000000000: 00000003 00000000 00000000 0001 03 54737
0000000000000000: 00000003 00000000 00000000 0001 03 27257 /run/systemd/journal/stdout
0000000000000000: 00000003 00000000 00000000 0001 03 30288
0000000000000000: 00000003 00000000 00000000 0001 03 30135
0000000000000000: 00000002 00000000 00000000 0001 03 20480 /run/gdm3/dbus/dbus-2uhpcWvC
0000000000000000: 00000003 00000000 00000000 0001 03 23478
0000000000000000: 00000003 00000000 00000000 0001 03 24216
0000000000000000: 00000003 00000000 00000000 0001 03 26810 /run/dbus/system_bus_socket
0000000000000000: 00000003 00000000 00000000 0001 03 18953
0000000000000000: 00000003 00000000 00000000 0001 03 37553
0000000000000000: 00000003 00000000 00000000 0001 03 144317
0000000000000000: 00000003 00000000 00000000 0001 03 58393
0000000000000000: 00000003 00000000 00000000 0001 03 34743
0000000000000000: 00000003 00000000 00000000 0005 03 38373
0000000000000000: 00000003 00000000 00000000 0001 03 30826
0000000000000000: 00000003 00000000 00000000 0001 03 26328
0000000000000000: 00000003 00000000 00000000 0005 03 153975
0000000000000000: 00000003 00000000 00000000 0001 03 118690 /run/snapd-snap.socket
0000000000000000: 00000003 00000000 00000000 0001 03 33814 /run/user/1000/bus
0000000000000000: 00000003 00000000 00000000 0001 03 24471
0000000000000000: 00000003 00000000 00000000 0001 03 28148 /run/dbus/system_bus_socket
0000000000000000: 00000003 00000000 00000000 0001 03 21415 /run/dbus/system_bus_socket
0000000000000000: 00000003 00000000 00000000 0001 03 156866
0000000000000000: 00000003 00000000 00000000 0001 03 31790
0000000000000000: 00000003 00000000 00000000 0001 03 30151 /run/systemd/journal/stdout
0000000000000000: 00000003 00000000 00000000 0001 03 24493
0000000000000000: 00000003 00000000 00000000 0001 03 29807
0000000000000000: 00000002 00000000 00000000 0002 03 18775
0000000000000000: 00000003 00000000 00000000 0001 03 27176
0000000000000000: 00000003 00000000 00000000 0001 03 30837 /run/systemd/journal/stdout
0000000000000000: 00000003 00000000 00000000 0001 03 26329 /run/user/1000/bus
0000000000000000: 00000003 00000000 00000000 0001 03 33802
0000000000000000: 00000003 00000000 00000000 0001 03 28227 /run/dbus/system_bus_socket
0000000000000000: 00000003 00000000 00000000 0001 03 30410
0000000000000000: 00000003 00000000 00000000 0001 03 26526
0000000000000000: 00000003 00000000 00000000 0001 03 27248
0000000000000000: 00000003 00000000 00000000 0001 03 24219
0000000000000000: 00000003 00000000 00000000 0001 03 21791 /run/dbus/system_bus_socket
0000000000000000: 00000003 00000000 00000000 0005 03 36790
0000000000000000: 00000003 00000000 00000000 0001 03 25496 /run/systemd/journal/stdout
0000000000000000: 00000003 00000000 00000000 0001 03 18940
0000000000000000: 00000002 00000000 00000000 0002 01 35306
0000000000000000: 00000003 00000000 00000000 0001 03 39068
0000000000000000: 00000003 00000000 00000000 0001 03 16954
0000000000000000: 00000002 00000000 00000000 0002 01 121616
0000000000000000: 00000003 00000000 00000000 0001 03 36900
0000000000000000: 00000003 00000000 00000000 0001 03 31020 /run/user/1000/gvfsd/socket-J8eE9rcu
0000000000000000: 00000003 00000000 00000000 0001 03 24557
0000000000000000: 00000002 00000000 00010000 0001 01 18960 /run/systemd/userdb/org.gnome.DisplayManager
0000000000000000: 00000003 00000000 00000000 0001 03 39775 /run/user/1000/pipewire-0
0000000000000000: 00000003 00000000 00000000 0001 03 38517
0000000000000000: 00000003 00000000 00000000 0001 03 34543
0000000000000000: 00000002 00000000 00000000 0001 03 25970
0000000000000000: 00000003 00000000 00000000 0001 03 28051
0000000000000000: 00000003 00000000 00000000 0001 03 26266
0000000000000000: 00000003 00000000 00000000 0001 03 15032 /run/systemd/journal/stdout
0000000000000000: 00000003 00000000 00000000 0001 03 30846 /run/user/1000/bus
0000000000000000: 00000003 00000000 00000000 0001 03 30821 /run/systemd/journal/stdout
0000000000000000: 00000003 00000000 00000000 0001 03 28876
0000000000000000: 00000003 00000000 00000000 0001 03 28771 /run/user/1000/bus
0000000000000000: 00000002 00000000 00000000 0002 03 16224
0000000000000000: 00000003 00000000 00000000 0001 03 30913
0000000000000000: 00000002 00000000 00010000 0001 01 15275 /run/gdm3/dbus/dbus-tXx3IMbI
0000000000000000: 00000003 00000000 00000000 0001 03 28150 /run/dbus/system_bus_socket
0000000000000000: 00000002 00000000 00010000 0001 01 15276 /run/gdm3/dbus/dbus-2uhpcWvC
0000000000000000: 00000003 00000000 00000000 0001 03 31190
0000000000000000: 00000003 00000000 00000000 0001 03 30892
0000000000000000: 00000003 00000000 00000000 0001 03 21444
0000000000000000: 00000002 00000000 00000000 0002 01 32015
0000000000000000: 00000003 00000000 00000000 0001 03 16947 /run/systemd/journal/stdout
0000000000000000: 00000003 00000000 00000000 0001 03 153645 /run/user/1000/bus
0000000000000000: 00000003 00000000 00000000 0001 03 33485 /run/systemd/journal/stdout
0000000000000000: 00000003 00000000 00000000 0001 03 26457
0000000000000000: 00000003 00000000 00000000 0001 03 30835 /run/systemd/journal/stdout
0000000000000000: 00000003 00000000 00000000 0001 03 24543
0000000000000000: 00000003 00000000 00000000 0005 03 37183
0000000000000000: 00000002 00000000 00000000 0002 01 30267
0000000000000000: 00000003 00000000 00000000 0001 03 25522 /run/user/1000/bus
0000000000000000: 00000002 00000000 00000000 0002 03 29840
0000000000000000: 00000003 00000000 00000000 0001 03 19942 /run/dbus/system_bus_socket
0000000000000000: 00000003 00000000 00000000 0001 03 33113 /run/user/1000/pulse/native
0000000000000000: 00000003 00000000 00000000 0001 03 38337
0000000000000000: 00000003 00000000 00000000 0001 03 24472
0000000000000000: 00000002 00000000 00000000 0002 03  9524
0000000000000000: 00000003 00000000 00000000 0001 03 40084 /run/user/1000/pipewire-0
0000000000000000: 00000003 00000000 00000000 0001 03 42686
0000000000000000: 00000003 00000000 00000000 0001 03 41386
0000000000000000: 00000003 00000000 00000000 0001 03 28911
0000000000000000: 00000003 00000000 00000000 0005 03 153879
0000000000000000: 00000003 00000000 00000000 0005 03 38431
0000000000000000: 00000003 00000000 00000000 0001 03 29198 /run/systemd/journal/stdout
0000000000000000: 00000003 00000000 00000000 0001 03 24564
0000000000000000: 00000003 00000000 00000000 0001 03 30896
0000000000000000: 00000003 00000000 00000000 0001 03 30156
0000000000000000: 00000003 00000000 00000000 0001 03 28942 /run/user/1000/at-spi/bus
0000000000000000: 00000003 00000000 00000000 0001 03 31192
0000000000000000: 00000003 00000000 00000000 0001 03 28940
0000000000000000: 00000003 00000000 00000000 0001 03 25972
0000000000000000: 00000003 00000000 00000000 0001 03 19945
0000000000000000: 00000003 00000000 00000000 0001 03 33048 /run/dbus/system_bus_socket
0000000000000000: 00000003 00000000 00000000 0001 03 26456
0000000000000000: 00000003 00000000 00000000 0001 03 26088
0000000000000000: 00000003 00000000 00000000 0001 03 25305
0000000000000000: 00000003 00000000 00000000 0001 03 15081 /run/systemd/journal/stdout
0000000000000000: 00000003 00000000 00000000 0001 03 28296
0000000000000000: 00000003 00000000 00000000 0001 03 151096 /run/dbus/system_bus_socket
0000000000000000: 00000003 00000000 00000000 0001 03 30891
0000000000000000: 00000003 00000000 00000000 0001 03 21449
0000000000000000: 00000003 00000000 00000000 0001 03 23773 /run/systemd/journal/stdout
0000000000000000: 00000003 00000000 00000000 0001 03 21708 /run/dbus/system_bus_socket
0000000000000000: 00000002 00000000 00010000 0001 01 17996 /run/avahi-daemon/socket
0000000000000000: 00000003 00000000 00000000 0001 03 125256
0000000000000000: 00000003 00000000 00000000 0001 03 33100 /run/user/1000/wayland-0
0000000000000000: 00000003 00000000 00000000 0001 03 24499
0000000000000000: 00000003 00000000 00000000 0001 03 26399
0000000000000000: 00000003 00000000 00000000 0001 03 27111
0000000000000000: 00000003 00000000 00000000 0001 03 30788
0000000000000000: 00000003 00000000 00000000 0001 03 26914 /run/dbus/system_bus_socket
0000000000000000: 00000002 00000000 00010000 0001 01 17997 /run/cups/cups.sock
0000000000000000: 00000003 00000000 00000000 0001 03 30855 /run/systemd/journal/stdout
0000000000000000: 00000003 00000000 00000000 0001 03 25385
0000000000000000: 00000003 00000000 00000000 0001 03 20718
0000000000000000: 00000003 00000000 00000000 0001 03 29085 /run/systemd/journal/stdout
0000000000000000: 00000002 00000000 00010000 0001 01 17998 /run/dbus/system_bus_socket
0000000000000000: 00000003 00000000 00000000 0005 03 156780
0000000000000000: 00000003 00000000 00000000 0001 03 25574
0000000000000000: 00000003 00000000 00000000 0001 03 27232
0000000000000000: 00000002 00000000 00000000 0002 01 25503
0000000000000000: 00000003 00000000 00000000 0001 03 26532 /run/dbus/system_bus_socket
0000000000000000: 00000003 00000000 00000000 0001 03 26493 /run/systemd/journal/stdout
0000000000000000: 00000003 00000000 00000000 0001 03 26398
0000000000000000: 00000003 00000000 00000000 0001 03 28067
0000000000000000: 00000003 00000000 00000000 0001 03 27059
0000000000000000: 00000002 00000000 00010000 0001 01 17999 /run/polkit/agent-helper.socket
0000000000000000: 00000002 00000000 00010000 0001 01 18000 /run/snapd.socket
0000000000000000: 00000003 00000000 00000000 0001 03 28304 /run/user/1000/at-spi/bus
0000000000000000: 00000003 00000000 00000000 0001 03 29058 /run/user/1000/bus
0000000000000000: 00000002 00000000 00010000 0001 01 18001 /run/snapd-snap.socket
0000000000000000: 00000002 00000000 00000000 0002 03   657
0000000000000000: 00000003 00000000 00000000 0001 03 25543 /run/user/1000/bus
0000000000000000: 00000003 00000000 00000000 0001 03 26358 /run/systemd/journal/stdout
0000000000000000: 00000003 00000000 00000000 0002 03 29768
0000000000000000: 00000002 00000000 00010000 0001 01 18002 /run/systemd/io.systemd.Hostname
0000000000000000: 00000002 00000000 00010000 0001 01 35308 /run/user/1000/snap.firefox/wayland-proxy-8036
0000000000000000: 00000003 00000000 00000000 0001 03 30823 /run/systemd/journal/stdout
0000000000000000: 00000003 00000000 00000000 0001 03 27058 /run/user/1000/bus
0000000000000000: 00000002 00000000 00010000 0001 01 18003 /run/systemd/io.systemd.Login
0000000000000000: 00000003 00000000 00000000 0001 03 30975 /run/user/1000/bus
0000000000000000: 00000003 00000000 00000000 0001 03 28807 /run/user/1000/pipewire-0-manager
0000000000000000: 00000003 00000000 00000000 0002 03 26854
0000000000000000: 00000002 00000000 00000000 0002 03 16865
0000000000000000: 00000003 00000000 00000000 0001 03 21713 /run/dbus/system_bus_socket
0000000000000000: 00000003 00000000 00000000 0001 03 16683 /run/systemd/journal/stdout
0000000000000000: 00000002 00000000 00010000 0001 01 18004 /run/uuidd/request
0000000000000000: 00000003 00000000 00000000 0001 03 149312
0000000000000000: 00000003 00000000 00000000 0001 03 21712 /run/dbus/system_bus_socket
0000000000000000: 00000003 00000000 00000000 0001 03 154639
0000000000000000: 00000002 00000000 00000000 0005 03 144453
0000000000000000: 00000002 00000000 00000000 0002 01 30411
0000000000000000: 00000002 00000000 00000000 0002 01 30019
0000000000000000: 00000003 00000000 00000000 0001 03 152072
0000000000000000: 00000003 00000000 00000000 0001 03 24117
0000000000000000: 00000003 00000000 00000000 0001 03 21573
0000000000000000: 00000003 00000000 00000000 0001 03  6997
0000000000000000: 00000003 00000000 00000000 0001 03 155047
0000000000000000: 00000003 00000000 00000000 0001 03 29251 /run/user/1000/at-spi/bus
0000000000000000: 00000003 00000000 00000000 0001 03 28295 /run/user/1000/bus
0000000000000000: 00000003 00000000 00000000 0001 03 25541 /run/user/1000/bus
0000000000000000: 00000003 00000000 00000000 0001 03 25489
0000000000000000: 00000003 00000000 00000000 0005 03 39259
0000000000000000: 00000003 00000000 00000000 0001 03 29073 /run/systemd/journal/stdout
0000000000000000: 00000002 00000000 00000000 0002 01 26478
0000000000000000: 00000003 00000000 00000000 0001 03 26106
0000000000000000: 00000003 00000000 00000000 0005 03 153878
0000000000000000: 00000003 00000000 00000000 0001 03 28336
0000000000000000: 00000003 00000000 00000000 0001 03 30899
0000000000000000: 00000003 00000000 00000000 0001 03 28913
0000000000000000: 00000003 00000000 00000000 0001 03 24464 /run/systemd/journal/stdout
0000000000000000: 00000003 00000000 00000000 0001 03 25242 /run/dbus/system_bus_socket
0000000000000000: 00000003 00000000 00000000 0001 03 103052
0000000000000000: 00000003 00000000 00000000 0001 03 56653 /run/dbus/system_bus_socket
0000000000000000: 00000003 00000000 00000000 0005 03 34683
0000000000000000: 00000003 00000000 00000000 0001 03 32038
0000000000000000: 00000003 00000000 00000000 0001 03 28362 /run/user/1000/bus
0000000000000000: 00000003 00000000 00000000 0001 03 29045 /run/user/1000/bus
0000000000000000: 00000003 00000000 00000000 0002 03 16698
0000000000000000: 00000003 00000000 00000000 0001 03 23657 /run/systemd/journal/stdout
0000000000000000: 00000003 00000000 00000000 0001 03 30939 /run/user/1000/bus
0000000000000000: 00000003 00000000 00000000 0001 03 26479
0000000000000000: 00000003 00000000 00000000 0001 03 25542 /run/user/1000/bus
0000000000000000: 00000003 00000000 00000000 0001 03 25538 /run/user/1000/bus
0000000000000000: 00000003 00000000 00000000 0001 03 28126 /run/dbus/system_bus_socket
0000000000000000: 00000003 00000000 00000000 0001 03 26092 /run/user/1000/bus
0000000000000000: 00000003 00000000 00000000 0001 03 27826
0000000000000000: 00000003 00000000 00000000 0001 03 16728 /run/systemd/journal/stdout
0000000000000000: 00000003 00000000 00000000 0001 03 10547
0000000000000000: 00000003 00000000 00000000 0001 03 36899
0000000000000000: 00000003 00000000 00000000 0001 03 28977 /run/systemd/journal/stdout
0000000000000000: 00000003 00000000 00000000 0001 03 27198
0000000000000000: 00000003 00000000 00000000 0005 03 153830
0000000000000000: 00000003 00000000 00000000 0001 03 30075
0000000000000000: 00000003 00000000 00000000 0001 03 25197 /run/systemd/journal/stdout
0000000000000000: 00000003 00000000 00000000 0001 03 152071
0000000000000000: 00000003 00000000 00000000 0001 03 24542
0000000000000000: 00000003 00000000 00000000 0001 03 30460
0000000000000000: 00000003 00000000 00000000 0001 03 28292
0000000000000000: 00000003 00000000 00000000 0001 03 28011 /run/user/1000/bus
0000000000000000: 00000003 00000000 00000000 0001 03 20771 /run/dbus/system_bus_socket
0000000000000000: 00000003 00000000 00000000 0001 03 15178
0000000000000000: 00000003 00000000 00000000 0001 03 37169 /run/user/1000/snap.firefox/wayland-proxy-8036
0000000000000000: 00000003 00000000 00000000 0001 03 26094 /run/dbus/system_bus_socket
0000000000000000: 00000003 00000000 00000000 0001 03 18224 /run/systemd/journal/stdout
0000000000000000: 00000003 00000000 00000000 0001 03  9531
0000000000000000: 00000003 00000000 00000000 0001 03 155027
0000000000000000: 00000003 00000000 00000000 0001 03 28773 /run/dbus/system_bus_socket
0000000000000000: 00000002 00000000 00010000 0001 01 11566 /run/systemd/io.systemd.sysext
0000000000000000: 00000003 00000000 00000000 0001 03 115630 /run/dbus/system_bus_socket
0000000000000000: 00000003 00000000 00000000 0001 03 37238
0000000000000000: 00000003 00000000 00000000 0001 03 28205
0000000000000000: 00000003 00000000 00000000 0001 03 28927
0000000000000000: 00000003 00000000 00000000 0001 03 21709 /run/dbus/system_bus_socket
0000000000000000: 00000003 00000000 00000000 0001 03 16712 /run/systemd/journal/stdout
0000000000000000: 00000003 00000000 00000000 0001 03 28123 /run/dbus/system_bus_socket
0000000000000000: 00000003 00000000 00000000 0001 03 30799
0000000000000000: 00000003 00000000 00000000 0001 03 30936 /home/micron5/.cache/ibus/dbus-ejciAA57
0000000000000000: 00000003 00000000 00000000 0001 03 28221
0000000000000000: 00000003 00000000 00000000 0001 03 148154 /run/user/1000/at-spi/bus
0000000000000000: 00000003 00000000 00000000 0001 03 41186 /run/systemd/journal/stdout
0000000000000000: 00000003 00000000 00000000 0001 03 32039
0000000000000000: 00000003 00000000 00000000 0001 03 30755 /run/dbus/system_bus_socket
0000000000000000: 00000003 00000000 00000000 0001 03 26132
0000000000000000: 00000003 00000000 00000000 0001 03 149986 /run/systemd/journal/stdout
0000000000000000: 00000003 00000000 00000000 0001 03 24502
0000000000000000: 00000003 00000000 00000000 0001 03 37716 /run/user/1000/pulse/native
0000000000000000: 00000003 00000000 00000000 0001 03 33840
0000000000000000: 00000003 00000000 00000000 0001 03 26380 /run/user/1000/bus
0000000000000000: 00000003 00000000 00000000 0001 03 28086 /run/systemd/journal/stdout
0000000000000000: 00000003 00000000 00000000 0001 03 30016
0000000000000000: 00000003 00000000 00000000 0001 03 21716 /run/dbus/system_bus_socket
0000000000000000: 00000003 00000000 00000000 0001 03 151951
0000000000000000: 00000003 00000000 00000000 0001 03 121915
0000000000000000: 00000002 00000000 00000000 0002 03  1663
0000000000000000: 00000003 00000000 00000000 0001 03 32902 /run/user/1000/wayland-0
0000000000000000: 00000003 00000000 00000000 0001 03 26480
0000000000000000: 00000003 00000000 00000000 0005 03 37235
0000000000000000: 00000003 00000000 00000000 0001 03 35328
0000000000000000: 00000003 00000000 00000000 0001 03 30242 /run/user/1000/bus
0000000000000000: 00000003 00000000 00000000 0001 03 21693 /run/systemd/journal/stdout
0000000000000000: 00000003 00000000 00000000 0001 03 30830
0000000000000000: 00000003 00000000 00000000 0001 03 24346 /run/user/1000/bus
0000000000000000: 00000003 00000000 00000000 0001 03 117740 /run/systemd/journal/stdout
0000000000000000: 00000003 00000000 00000000 0001 03 30265
0000000000000000: 00000003 00000000 00000000 0001 03 27827 /run/systemd/journal/stdout
0000000000000000: 00000003 00000000 00000000 0005 03 16242
0000000000000000: 00000003 00000000 00000000 0001 03 21715 /run/dbus/system_bus_socket
0000000000000000: 00000003 00000000 00000000 0001 03 36901 /run/user/1000/bus
0000000000000000: 00000003 00000000 00000000 0001 03 24505
0000000000000000: 00000003 00000000 00000000 0001 03 16122 @4887fff64a92dfe6/bus/systemd-resolve/bus-api-resolve
0000000000000000: 00000002 00000000 00000000 0002 01  7009 @13576494940861616412
0000000000000000: 00000002 00000000 00010000 0001 01 28055 @/tmp/.X11-unix/X0
0000000000000000: 00000002 00000000 00010000 0001 01 28057 @/tmp/.X11-unix/X1
0000000000000000: 00000003 00000000 00000000 0001 03 16646 @16475a3f5419326d/bus/systemd-oomd/bus-api-oom
0000000000000000: 00000003 00000000 00000000 0001 03 26861 @460c5fe29cbc6a49/bus/systemd/bus-system
0000000000000000: 00000003 00000000 00000000 0001 03 29873 @57ef5b5fcedc84b/bus/systemd/bus-api-user
0000000000000000: 00000003 00000000 00000000 0001 03 18179 @c614c27173224d54/bus/systemd/bus-api-system
0000000000000000: 00000003 00000000 00000000 0001 03 18889 @7180d367264c2b33/bus/systemd-logind/system
