sk               Eth Pid        Groups   Rmem     Wmem     Dump  Locks    Drops    Inode
0000000000000000 0   0          00000000 0        0        0     2        0        21305   
0000000000000000 4   0          00000000 0        0        0     2        0        21311   
0000000000000000 9   0          00000000 0        0        0     2        0        21307   
0000000000000000 10  0          00000000 0        0        0     2        0        21309   
0000000000000000 12  0          00000000 0        0        0     2        0        21316   
0000000000000000 15  0          00000000 0        0        0     2        0        21308   
0000000000000000 15  3336444361 00000002 0        0        0     2        0        25983   
0000000000000000 15  3190       00000002 0        0        0     2        0        25982   
0000000000000000 15  3738966338 00000002 0        0        0     2        0        25984   
0000000000000000 16  0          00000000 0        0        0     2        0        21306   
