sk               RefCnt Rmem   Wmem   User   Inode  Parent
0000000000000000 2      0      0      0      151897 0     
0000000000000000 2      0      0      0      151893 0     
0000000000000000 2      0      0      0      151892 0     
0000000000000000 2      0      0      0      151891 0     
0000000000000000 2      0      0      0      151890 0     
0000000000000000 2      0      0      0      151889 0     
0000000000000000 2      0      0      0      151888 0     
0000000000000000 2      0      0      0      151887 0     
0000000000000000 2      0      0      0      17404  0     
0000000000000000 2      0      0      0      16786  0     
