sk               Eth Pid        Groups   Rmem     Wmem     Dump  Locks    Drops    Inode
0000000000000000 0   4084       00000440 0        0        0     2        0        30898   
0000000000000000 0   8036       00000555 0        0        0     2        0        34535   
0000000000000000 0   4127       00000440 0        0        0     2        0        28382   
0000000000000000 0   1596       00000111 0        0        0     2        0        20745   
0000000000000000 0   713        00000111 0        0        0     2        0        10559   
0000000000000000 0   1737       000405d1 0        0        0     2        0        16879   
0000000000000000 0   3925       00000440 0        0        0     2        0        25586   
0000000000000000 0   0          00000000 0        0        0     2        0        17      
0000000000000000 0   1740       00000001 0        0        0     2        0        21816   
0000000000000000 0   4198       00000440 0        0        0     2        0        28226   
0000000000000000 4   0          00000000 0        0        0     2        0        1051    
0000000000000000 9   3204       00000000 0        0        0     2        0        24118   
0000000000000000 9   1          00000000 0        0        0     2        0        9397    
0000000000000000 9   0          00000000 0        0        0     2        0        23      
0000000000000000 10  0          00000000 0        0        0     2        0        2056    
0000000000000000 11  0          00000000 0        0        0     2        0        2050    
0000000000000000 12  0          00000000 0        0        0     2        0        7548    
0000000000000000 12  1          00000000 0        0        0     2        0        9391    
0000000000000000 12  9185       00000000 0        0        0     2        0        38700   
0000000000000000 15  3978722268 00000002 0        0        0     2        0        18887   
0000000000000000 15  9831       00000002 0        0        0     2        0        52810   
0000000000000000 15  4246       00000002 0        0        0     2        0        30290   
0000000000000000 15  1597       00000002 0        0        0     2        0        19891   
0000000000000000 15  1631       00000002 0        0        0     2        0        23722   
0000000000000000 15  16909      00000002 0        0        0     2        0        147142  
0000000000000000 15  2251       00000002 0        0        0     2        0        23777   
0000000000000000 15  4235       00000002 0        0        0     2        0        30270   
0000000000000000 15  3309       00000002 0        0        0     2        0        26846   
0000000000000000 15  4221       00000002 277056   0        0     2        0        29057   
0000000000000000 15  4310       00000002 277056   0        0     2        0        31872   
0000000000000000 15  3328291264 00000002 0        0        0     2        0        28819   
0000000000000000 15  3157136843 00000002 0        0        0     2        0        18885   
0000000000000000 15  1737       00000002 0        0        0     2        0        16876   
0000000000000000 15  4127       00000002 0        0        0     2        0        27371   
0000000000000000 15  1635       00000002 0        0        0     2        0        19857   
0000000000000000 15  3749       00000002 0        0        0     2        0        30022   
0000000000000000 15  1          00000002 0        0        0     2        0        9384    
0000000000000000 15  1875       00000002 0        0        0     2        0        15265   
0000000000000000 15  3731629253 00000002 0        0        0     2        0        26966   
0000000000000000 15  1639       00000002 0        0        0     2        0        18218   
0000000000000000 15  13363      00000002 0        0        0     2        0        121617  
0000000000000000 15  3279985618 00000002 0        0        0     2        0        27078   
0000000000000000 15  2371138421 00000002 0        0        0     2        0        18888   
0000000000000000 15  3365       00000002 0        0        0     2        0        28815   
0000000000000000 15  2287       00000002 0        0        0     2        0        23915   
0000000000000000 15  2794607954 00000002 0        0        0     2        0        20251   
0000000000000000 15  1787       00000002 0        0        0     2        0        18922   
0000000000000000 15  3912       00000002 0        0        0     2        0        31747   
0000000000000000 15  0          00000000 0        0        0     2        0        28      
0000000000000000 15  2344142347 00000002 0        0        0     2        0        18219   
0000000000000000 15  3801960646 00000002 0        0        0     2        0        19973   
0000000000000000 15  2661482199 00000002 0        0        0     2        0        20252   
0000000000000000 15  1791       00000002 0        0        0     2        0        19964   
0000000000000000 15  3258016312 00000002 0        0        0     2        0        20250   
0000000000000000 15  2996829419 00000002 0        0        0     2        0        18886   
0000000000000000 15  2963248478 00000001 0        0        0     2        0        2829    
0000000000000000 15  3736425451 00000002 0        0        0     2        0        23924   
0000000000000000 15  1637       00000002 0        0        0     2        0        18884   
0000000000000000 15  2372329286 00000002 0        0        0     2        0        18226   
0000000000000000 16  658507468  03c00000 0        0        0     2        0        21818   
0000000000000000 16  4102031052 00000000 0        0        0     2        0        21817   
0000000000000000 16  0          00000000 0        0        0     2        0        18      
0000000000000000 16  2013267660 00000000 0        0        0     2        0        151001  
0000000000000000 16  3896510156 00000000 0        0        0     2        0        151879  
0000000000000000 16  1737       00000000 0        0        0     2        0        16877   
0000000000000000 16  2730493644 00000000 0        0        0     2        0        151003  
0000000000000000 16  9831       00000400 0        0        0     2        0        53796   
0000000000000000 16  3292845815 00008000 0        0        0     2        0        16878   
0000000000000000 16  3581937356 00000000 0        0        0     2        0        151877  
0000000000000000 18  0          00000000 0        0        0     2        0        2053    
